% script RR_truss_Roof_Fink.m
% Set up a Fink truss (or, frame...), solve for its internal forces, and plot
%% Renaissance Repository, https://github.com/tbewley/RR (Structural Renaissance, Chapter 5)
%% Copyright 2025 by Thomas Bewley, and published under the BSD 3-Clause LICENSE

clear S L
disp('Analyze/plot a Modified Queen Post truss, taking both supports as pinned')

% Two pinned supports: P1=(0,0), P2=(30,0)
S.P = [0  30;
       0   0];

% Eight free nodes: q1 through q8
S.Q = [5    7.5   10    15   15    20    22.5   25;
       5/3  0     10/3  0    5     10/3  0      5/3];

% Loads applied at the five upper roof nodes
% q1, q3, q5, q6, and q8
L.U = [   0   0    0   0    0    0   0    0;
       -420  0 -420   0 -420 -420   0 -420];

% Column order:
% q1 q2 q3 q4 q5 q6 q7 q8 P1 P2
S.C = [ ...
   1  0  0  0  0  0  0  0  1  0;  % P1-q1
   1  0  1  0  0  0  0  0  0  0;  % q1-q3
   0  0  1  0  1  0  0  0  0  0;  % q3-q5
   0  0  0  0  1  1  0  0  0  0;  % q5-q6
   0  0  0  0  0  1  0  1  0  0;  % q6-q8
   0  0  0  0  0  0  0  1  0  1;  % q8-P2

   0  1  0  0  0  0  0  0  1  0;  % P1-q2
   0  1  0  1  0  0  0  0  0  0;  % q2-q4
   0  0  0  1  0  0  1  0  0  0;  % q4-q7
   0  0  0  0  0  0  1  0  0  1;  % q7-P2

   1  1  0  0  0  0  0  0  0  0;  % q1-q2
   0  1  1  0  0  0  0  0  0  0;  % q2-q3
   0  0  1  1  0  0  0  0  0  0;  % q3-q4
   0  0  0  1  1  0  0  0  0  0;  % q4-q5
   0  0  0  1  0  1  0  0  0  0;  % q4-q6
   0  0  0  0  0  1  1  0  0  0;  % q6-q7
   0  0  0  0  0  0  1  1  0  0]; % q7-q8

[A,b,S,L] = RR_Structure_Analyze(S,L);
x = pinv(A)*b;

figure(1)
RR_Structure_Plot(S,L,x)
error_norm = norm(A*x-b)
[A,b,S,L]=RR_Structure_Analyze(S,L); x=pinv(A)*b;     
figure(1); RR_Structure_Plot(S,L,x); error_norm=norm(A*x-b); pause

disp('Repeat, taking right support as a roller');
S.P=[0; 0]; S.R=[30; 0];

[A,b,S,L]=RR_Structure_Analyze(S,L); x=pinv(A)*b;      
figure(2); RR_Structure_Plot(S,L,x); error_norm=norm(A*x-b); pause

disp('Repeat, taking connectivity as a frame, with a continuous beam for the lower chord');
S.P= [0 30;
    0 0];
S= rmfield(S,'R');
S.C = [ ...
   1  0  0  0  0  0  0  0  1  0;  % P1-q1
   1  0  1  0  0  0  0  0  0  0;  % q1-q3
   0  0  1  0  1  0  0  0  0  0;  % q3-q5
   0  0  0  0  1  1  0  0  0  0;  % q5-q6
   0  0  0  0  0  1  0  1  0  0;  % q6-q8
   0  0  0  0  0  0  0  1  0  1;  % q8-P2

   0  1  0  0  0  0  0  0  1  0;  % P1-q2
   0  1  0  1  0  0  0  0  0  0;  % q2-q4
   0  0  0  1  0  0  1  0  0  0;  % q4-q7
   0  0  0  0  0  0  1  0  0  1;  % q7-P2

   1  1  0  0  0  0  0  0  0  0;  % q1-q2
   0  1  1  0  0  0  0  0  0  0;  % q2-q3
   0  0  1  1  0  0  0  0  0  0;  % q3-q4
   0  0  0  1  1  0  0  0  0  0;  % q4-q5
   0  0  0  1  0  1  0  0  0  0;  % q4-q6
   0  0  0  0  0  1  1  0  0  0;  % q6-q7
   0  0  0  0  0  0  1  1  0  0]; % q7-q8 % bottom chord (connects 4 nodes)
[A,b,S,L]=RR_Structure_Analyze(S,L); x=pinv(A)*b;    
figure(3); RR_Structure_Plot(S,L,x); error_norm=norm(A*x-b), pause

disp('Repeat, taking continuous beams for both the lower and the two upper chords)');
S.C = [ ...
   1  0  0  0  0  0  0  0  1  0;  % P1-q1
   1  0  1  0  0  0  0  0  0  0;  % q1-q3
   0  0  1  0  1  0  0  0  0  0;  % q3-q5
   0  0  0  0  1  1  0  0  0  0;  % q5-q6
   0  0  0  0  0  1  0  1  0  0;  % q6-q8
   0  0  0  0  0  0  0  1  0  1;  % q8-P2

   0  1  0  0  0  0  0  0  1  0;  % P1-q2
   0  1  0  1  0  0  0  0  0  0;  % q2-q4
   0  0  0  1  0  0  1  0  0  0;  % q4-q7
   0  0  0  0  0  0  1  0  0  1;  % q7-P2

   1  1  0  0  0  0  0  0  0  0;  % q1-q2
   0  1  1  0  0  0  0  0  0  0;  % q2-q3
   0  0  1  1  0  0  0  0  0  0;  % q3-q4
   0  0  0  1  1  0  0  0  0  0;  % q4-q5
   0  0  0  1  0  1  0  0  0  0;  % q4-q6
   0  0  0  0  0  1  1  0  0  0;  % q6-q7
   0  0  0  0  0  0  1  1  0  0]; % q7-q8 % upper-right chord (connects 3 nodes)
[A,b,S,L]=RR_Structure_Analyze(S,L); x=pinv(A)*b;  
figure(4); RR_Structure_Plot(S,L,x); error_norm=norm(A*x-b); pause

clear S L, disp('Now consider a 3D Fink structure (as a TRUSS, taking several support points as pinned)')
% Four supports on the left
S.P = [0  0  0  0;
       0  6 12 18;
       0  0  0  0];

% Four supports on the right and two additional rear supports
S.P=[  0   0   0   0;   
       0   6  12  18;
       0   0   0   0];
S.R=[ 30  30  30  30  10 20;   
       0   6  12  18  18 18;
       0   0   0   0   0  0];      
S.Q=[  5 7.5 10 15 15 20 22.5 25    5 7.5 10 15 15 20 22.5 25    5 7.5 10 15 15 20 22.5 25    5 7.5 10 15 15 20 22.5 25;
       0   0  0  0  0  0    0  0    6   6  6  6  6  6    6  6   12  12 12 12 12 12   12 12   18  18 18 18 18 18   18 18;
     5/3   0 10/3 0  5 10/3  0 5/3 5/3  0 10/3 0  5 10/3   0 5/3 5/3  0 10/3 0  5 10/3   0 5/3 5/3  0 10/3 0  5 10/3   0 5/3];
L.U=[  0    0    0   0   0    0    0   0    0    0    0   0   0    0    0   0    0    0    0   0   0    0    0   0    0    0    0   0   0    0    0   0;
       0    0    0   0   0    0    0   0    0    0    0   0   0    0    0   0    0    0    0   0   0    0    0   0    0    0    0   0   0    0    0   0;
    -210    0 -210   0 -210 -210    0 -210 -420    0 -420   0 -420 -420    0 -420 -420    0 -420   0 -420 -420    0 -420 -210    0 -210   0 -210 -210    0 -210];
S.C=[
     1   0   0   0   0   0   0   0   0   0   0   0   0   0   0   0   0   0   0   0   0   0   0   0   0   0   0   0   0   0   0   0   1   0   0   0   0   0   0   0   0   0;
     1   0   1   0   0   0   0   0   0   0   0   0   0   0   0   0   0   0   0   0   0   0   0   0   0   0   0   0   0   0   0   0   0   0   0   0   0   0   0   0   0   0;
     0   0   1   0   1   0   0   0   0   0   0   0   0   0   0   0   0   0   0   0   0   0   0   0   0   0   0   0   0   0   0   0   0   0   0   0   0   0   0   0   0   0;
     0   0   0   0   1   1   0   0   0   0   0   0   0   0   0   0   0   0   0   0   0   0   0   0   0   0   0   0   0   0   0   0   0   0   0   0   0   0   0   0   0   0;
     0   0   0   0   0   1   0   1   0   0   0   0   0   0   0   0   0   0   0   0   0   0   0   0   0   0   0   0   0   0   0   0   0   0   0   0   0   0   0   0   0   0;
     0   0   0   0   0   0   0   1   0   0   0   0   0   0   0   0   0   0   0   0   0   0   0   0   0   0   0   0   0   0   0   0   0   0   0   0   1   0   0   0   0   0;
     0   1   0   0   0   0   0   0   0   0   0   0   0   0   0   0   0   0   0   0   0   0   0   0   0   0   0   0   0   0   0   0   1   0   0   0   0   0   0   0   0   0;
     0   1   0   1   0   0   0   0   0   0   0   0   0   0   0   0   0   0   0   0   0   0   0   0   0   0   0   0   0   0   0   0   0   0   0   0   0   0   0   0   0   0;
     0   0   0   1   0   0   1   0   0   0   0   0   0   0   0   0   0   0   0   0   0   0   0   0   0   0   0   0   0   0   0   0   0   0   0   0   0   0   0   0   0   0;
     0   0   0   0   0   0   1   0   0   0   0   0   0   0   0   0   0   0   0   0   0   0   0   0   0   0   0   0   0   0   0   0   0   0   0   0   1   0   0   0   0   0;
     0   0   0   1   1   0   0   0   0   0   0   0   0   0   0   0   0   0   0   0   0   0   0   0   0   0   0   0   0   0   0   0   0   0   0   0   0   0   0   0   0   0;
     1   1   0   0   0   0   0   0   0   0   0   0   0   0   0   0   0   0   0   0   0   0   0   0   0   0   0   0   0   0   0   0   0   0   0   0   0   0   0   0   0   0;
     0   1   1   0   0   0   0   0   0   0   0   0   0   0   0   0   0   0   0   0   0   0   0   0   0   0   0   0   0   0   0   0   0   0   0   0   0   0   0   0   0   0;
     0   0   1   1   0   0   0   0   0   0   0   0   0   0   0   0   0   0   0   0   0   0   0   0   0   0   0   0   0   0   0   0   0   0   0   0   0   0   0   0   0   0;
     0   0   0   1   0   1   0   0   0   0   0   0   0   0   0   0   0   0   0   0   0   0   0   0   0   0   0   0   0   0   0   0   0   0   0   0   0   0   0   0   0   0;
     0   0   0   0   0   1   1   0   0   0   0   0   0   0   0   0   0   0   0   0   0   0   0   0   0   0   0   0   0   0   0   0   0   0   0   0   0   0   0   0   0   0;
     0   0   0   0   0   0   1   1   0   0   0   0   0   0   0   0   0   0   0   0   0   0   0   0   0   0   0   0   0   0   0   0   0   0   0   0   0   0   0   0   0   0;
     0   0   0   0   0   0   0   0   1   0   0   0   0   0   0   0   0   0   0   0   0   0   0   0   0   0   0   0   0   0   0   0   0   1   0   0   0   0   0   0   0   0;
     0   0   0   0   0   0   0   0   1   0   1   0   0   0   0   0   0   0   0   0   0   0   0   0   0   0   0   0   0   0   0   0   0   0   0   0   0   0   0   0   0   0;
     0   0   0   0   0   0   0   0   0   0   1   0   1   0   0   0   0   0   0   0   0   0   0   0   0   0   0   0   0   0   0   0   0   0   0   0   0   0   0   0   0   0;
     0   0   0   0   0   0   0   0   0   0   0   0   1   1   0   0   0   0   0   0   0   0   0   0   0   0   0   0   0   0   0   0   0   0   0   0   0   0   0   0   0   0;
     0   0   0   0   0   0   0   0   0   0   0   0   0   1   0   1   0   0   0   0   0   0   0   0   0   0   0   0   0   0   0   0   0   0   0   0   0   0   0   0   0   0;
     0   0   0   0   0   0   0   0   0   0   0   0   0   0   0   1   0   0   0   0   0   0   0   0   0   0   0   0   0   0   0   0   0   0   0   0   0   1   0   0   0   0;
     0   0   0   0   0   0   0   0   0   1   0   0   0   0   0   0   0   0   0   0   0   0   0   0   0   0   0   0   0   0   0   0   0   1   0   0   0   0   0   0   0   0;
     0   0   0   0   0   0   0   0   0   1   0   1   0   0   0   0   0   0   0   0   0   0   0   0   0   0   0   0   0   0   0   0   0   0   0   0   0   0   0   0   0   0;
     0   0   0   0   0   0   0   0   0   0   0   1   0   0   1   0   0   0   0   0   0   0   0   0   0   0   0   0   0   0   0   0   0   0   0   0   0   0   0   0   0   0;
     0   0   0   0   0   0   0   0   0   0   0   0   0   0   1   0   0   0   0   0   0   0   0   0   0   0   0   0   0   0   0   0   0   0   0   0   0   1   0   0   0   0;
     0   0   0   0   0   0   0   0   0   0   0   1   1   0   0   0   0   0   0   0   0   0   0   0   0   0   0   0   0   0   0   0   0   0   0   0   0   0   0   0   0   0;
     0   0   0   0   0   0   0   0   1   1   0   0   0   0   0   0   0   0   0   0   0   0   0   0   0   0   0   0   0   0   0   0   0   0   0   0   0   0   0   0   0   0;
     0   0   0   0   0   0   0   0   0   1   1   0   0   0   0   0   0   0   0   0   0   0   0   0   0   0   0   0   0   0   0   0   0   0   0   0   0   0   0   0   0   0;
     0   0   0   0   0   0   0   0   0   0   1   1   0   0   0   0   0   0   0   0   0   0   0   0   0   0   0   0   0   0   0   0   0   0   0   0   0   0   0   0   0   0;
     0   0   0   0   0   0   0   0   0   0   0   1   0   1   0   0   0   0   0   0   0   0   0   0   0   0   0   0   0   0   0   0   0   0   0   0   0   0   0   0   0   0;
     0   0   0   0   0   0   0   0   0   0   0   0   0   1   1   0   0   0   0   0   0   0   0   0   0   0   0   0   0   0   0   0   0   0   0   0   0   0   0   0   0   0;
     0   0   0   0   0   0   0   0   0   0   0   0   0   0   1   1   0   0   0   0   0   0   0   0   0   0   0   0   0   0   0   0   0   0   0   0   0   0   0   0   0   0;
     0   0   0   0   0   0   0   0   0   0   0   0   0   0   0   0   1   0   0   0   0   0   0   0   0   0   0   0   0   0   0   0   0   0   1   0   0   0   0   0   0   0;
     0   0   0   0   0   0   0   0   0   0   0   0   0   0   0   0   1   0   1   0   0   0   0   0   0   0   0   0   0   0   0   0   0   0   0   0   0   0   0   0   0   0;
     0   0   0   0   0   0   0   0   0   0   0   0   0   0   0   0   0   0   1   0   1   0   0   0   0   0   0   0   0   0   0   0   0   0   0   0   0   0   0   0   0   0;
     0   0   0   0   0   0   0   0   0   0   0   0   0   0   0   0   0   0   0   0   1   1   0   0   0   0   0   0   0   0   0   0   0   0   0   0   0   0   0   0   0   0;
     0   0   0   0   0   0   0   0   0   0   0   0   0   0   0   0   0   0   0   0   0   1   0   1   0   0   0   0   0   0   0   0   0   0   0   0   0   0   0   0   0   0;
     0   0   0   0   0   0   0   0   0   0   0   0   0   0   0   0   0   0   0   0   0   0   0   1   0   0   0   0   0   0   0   0   0   0   0   0   0   0   1   0   0   0;
     0   0   0   0   0   0   0   0   0   0   0   0   0   0   0   0   0   1   0   0   0   0   0   0   0   0   0   0   0   0   0   0   0   0   1   0   0   0   0   0   0   0;
     0   0   0   0   0   0   0   0   0   0   0   0   0   0   0   0   0   1   0   1   0   0   0   0   0   0   0   0   0   0   0   0   0   0   0   0   0   0   0   0   0   0;
     0   0   0   0   0   0   0   0   0   0   0   0   0   0   0   0   0   0   0   1   0   0   1   0   0   0   0   0   0   0   0   0   0   0   0   0   0   0   0   0   0   0;
     0   0   0   0   0   0   0   0   0   0   0   0   0   0   0   0   0   0   0   0   0   0   1   0   0   0   0   0   0   0   0   0   0   0   0   0   0   0   1   0   0   0;
     0   0   0   0   0   0   0   0   0   0   0   0   0   0   0   0   0   0   0   1   1   0   0   0   0   0   0   0   0   0   0   0   0   0   0   0   0   0   0   0   0   0;
     0   0   0   0   0   0   0   0   0   0   0   0   0   0   0   0   1   1   0   0   0   0   0   0   0   0   0   0   0   0   0   0   0   0   0   0   0   0   0   0   0   0;
     0   0   0   0   0   0   0   0   0   0   0   0   0   0   0   0   0   1   1   0   0   0   0   0   0   0   0   0   0   0   0   0   0   0   0   0   0   0   0   0   0   0;
     0   0   0   0   0   0   0   0   0   0   0   0   0   0   0   0   0   0   1   1   0   0   0   0   0   0   0   0   0   0   0   0   0   0   0   0   0   0   0   0   0   0;
     0   0   0   0   0   0   0   0   0   0   0   0   0   0   0   0   0   0   0   1   0   1   0   0   0   0   0   0   0   0   0   0   0   0   0   0   0   0   0   0   0   0;
     0   0   0   0   0   0   0   0   0   0   0   0   0   0   0   0   0   0   0   0   0   1   1   0   0   0   0   0   0   0   0   0   0   0   0   0   0   0   0   0   0   0;
     0   0   0   0   0   0   0   0   0   0   0   0   0   0   0   0   0   0   0   0   0   0   1   1   0   0   0   0   0   0   0   0   0   0   0   0   0   0   0   0   0   0;
     0   0   0   0   0   0   0   0   0   0   0   0   0   0   0   0   0   0   0   0   0   0   0   0   1   0   0   0   0   0   0   0   0   0   0   1   0   0   0   0   0   0;
     0   0   0   0   0   0   0   0   0   0   0   0   0   0   0   0   0   0   0   0   0   0   0   0   1   0   1   0   0   0   0   0   0   0   0   0   0   0   0   0   0   0;
     0   0   0   0   0   0   0   0   0   0   0   0   0   0   0   0   0   0   0   0   0   0   0   0   0   0   1   0   1   0   0   0   0   0   0   0   0   0   0   0   0   0;
     0   0   0   0   0   0   0   0   0   0   0   0   0   0   0   0   0   0   0   0   0   0   0   0   0   0   0   0   1   1   0   0   0   0   0   0   0   0   0   0   0   0;
     0   0   0   0   0   0   0   0   0   0   0   0   0   0   0   0   0   0   0   0   0   0   0   0   0   0   0   0   0   1   0   1   0   0   0   0   0   0   0   0   0   0;
     0   0   0   0   0   0   0   0   0   0   0   0   0   0   0   0   0   0   0   0   0   0   0   0   0   0   0   0   0   0   0   1   0   0   0   0   0   0   0   1   0   0;
     0   0   0   0   0   0   0   0   0   0   0   0   0   0   0   0   0   0   0   0   0   0   0   0   0   1   0   0   0   0   0   0   0   0   0   1   0   0   0   0   0   0;
     0   0   0   0   0   0   0   0   0   0   0   0   0   0   0   0   0   0   0   0   0   0   0   0   0   1   0   1   0   0   0   0   0   0   0   0   0   0   0   0   0   0;
     0   0   0   0   0   0   0   0   0   0   0   0   0   0   0   0   0   0   0   0   0   0   0   0   0   0   0   1   0   0   1   0   0   0   0   0   0   0   0   0   0   0;
     0   0   0   0   0   0   0   0   0   0   0   0   0   0   0   0   0   0   0   0   0   0   0   0   0   0   0   0   0   0   1   0   0   0   0   0   0   0   0   1   0   0;
     0   0   0   0   0   0   0   0   0   0   0   0   0   0   0   0   0   0   0   0   0   0   0   0   0   0   0   1   1   0   0   0   0   0   0   0   0   0   0   0   0   0;
     0   0   0   0   0   0   0   0   0   0   0   0   0   0   0   0   0   0   0   0   0   0   0   0   1   1   0   0   0   0   0   0   0   0   0   0   0   0   0   0   0   0;
     0   0   0   0   0   0   0   0   0   0   0   0   0   0   0   0   0   0   0   0   0   0   0   0   0   1   1   0   0   0   0   0   0   0   0   0   0   0   0   0   0   0;
     0   0   0   0   0   0   0   0   0   0   0   0   0   0   0   0   0   0   0   0   0   0   0   0   0   0   1   1   0   0   0   0   0   0   0   0   0   0   0   0   0   0;
     0   0   0   0   0   0   0   0   0   0   0   0   0   0   0   0   0   0   0   0   0   0   0   0   0   0   0   1   0   1   0   0   0   0   0   0   0   0   0   0   0   0;
     0   0   0   0   0   0   0   0   0   0   0   0   0   0   0   0   0   0   0   0   0   0   0   0   0   0   0   0   0   1   1   0   0   0   0   0   0   0   0   0   0   0;
     0   0   0   0   0   0   0   0   0   0   0   0   0   0   0   0   0   0   0   0   0   0   0   0   0   0   0   0   0   0   1   1   0   0   0   0   0   0   0   0   0   0;
     0   0   0   0   0   0   0   0   0   0   0   0   0   0   0   0   0   0   0   0   0   0   0   0   0   0   1   0   0   0   0   0   0   0   0   0   0   0   0   0   1   0;
     0   0   0   0   0   0   0   0   0   0   0   0   0   0   0   0   0   0   0   0   0   0   0   0   0   0   0   0   0   1   0   0   0   0   0   0   0   0   0   0   0   1;
     1   0   0   0   0   0   0   0   1   0   0   0   0   0   0   0   0   0   0   0   0   0   0   0   0   0   0   0   0   0   0   0   0   0   0   0   0   0   0   0   0   0;
     0   0   0   0   0   0   0   0   1   0   0   0   0   0   0   0   1   0   0   0   0   0   0   0   0   0   0   0   0   0   0   0   0   0   0   0   0   0   0   0   0   0;
     0   0   0   0   0   0   0   0   0   0   0   0   0   0   0   0   1   0   0   0   0   0   0   0   1   0   0   0   0   0   0   0   0   0   0   0   0   0   0   0   0   0;
     0   0   1   0   0   0   0   0   0   0   1   0   0   0   0   0   0   0   0   0   0   0   0   0   0   0   0   0   0   0   0   0   0   0   0   0   0   0   0   0   0   0;
     0   0   0   0   0   0   0   0   0   0   1   0   0   0   0   0   0   0   1   0   0   0   0   0   0   0   0   0   0   0   0   0   0   0   0   0   0   0   0   0   0   0;
     0   0   0   0   0   0   0   0   0   0   0   0   0   0   0   0   0   0   1   0   0   0   0   0   0   0   1   0   0   0   0   0   0   0   0   0   0   0   0   0   0   0;
     0   0   0   0   1   0   0   0   0   0   0   0   1   0   0   0   0   0   0   0   0   0   0   0   0   0   0   0   0   0   0   0   0   0   0   0   0   0   0   0   0   0;
     0   0   0   0   0   0   0   0   0   0   0   0   1   0   0   0   0   0   0   0   1   0   0   0   0   0   0   0   0   0   0   0   0   0   0   0   0   0   0   0   0   0;
     0   0   0   0   0   0   0   0   0   0   0   0   0   0   0   0   0   0   0   0   1   0   0   0   0   0   0   0   1   0   0   0   0   0   0   0   0   0   0   0   0   0;
     0   0   0   0   0   1   0   0   0   0   0   0   0   1   0   0   0   0   0   0   0   0   0   0   0   0   0   0   0   0   0   0   0   0   0   0   0   0   0   0   0   0;
     0   0   0   0   0   0   0   0   0   0   0   0   0   1   0   0   0   0   0   0   0   1   0   0   0   0   0   0   0   0   0   0   0   0   0   0   0   0   0   0   0   0;
     0   0   0   0   0   0   0   0   0   0   0   0   0   0   0   0   0   0   0   0   0   1   0   0   0   0   0   0   0   1   0   0   0   0   0   0   0   0   0   0   0   0;
     0   0   0   0   0   0   0   1   0   0   0   0   0   0   0   1   0   0   0   0   0   0   0   0   0   0   0   0   0   0   0   0   0   0   0   0   0   0   0   0   0   0;
     0   0   0   0   0   0   0   0   0   0   0   0   0   0   0   1   0   0   0   0   0   0   0   1   0   0   0   0   0   0   0   0   0   0   0   0   0   0   0   0   0   0;
     0   0   0   0   0   0   0   0   0   0   0   0   0   0   0   0   0   0   0   0   0   0   0   1   0   0   0   0   0   0   0   1   0   0   0   0   0   0   0   0   0   0];
[A,b,S,L]=RR_Structure_Analyze(S,L); x=pinv(A)*b;     
figure(5); RR_Structure_Plot(S,L,x); error_norm=norm(A*x-b); view(15.4, 11.4)
